9000000000    9000061999    
+7900000        
+7900001        
+7900002        
+7900003        
+7900004        
+7900005        
+79000060        
+79000061        
9000062000    9000062999    
+79000062        
9000063000    9000099999    
+79000063        
+79000064        
+79000065        
+79000066        
+79000067        
+79000068        
+79000069        
+7900007        
+7900008        
+79000090        
9000100000    9000199999    
+790001        
9000200000    9000299999    
+790002        
9000300000    9000499999    
+790003        
+790004        
9000500000    9000599999    
+790005        
9000600000    9000999999    
+790006        
+790007        
+790008        
+790009        
9001000000    9001099999    
+790010        
9001100000    9001199999    
+790011        
9001200000    9001399999    
+790012        
+790013        
9001400000    9001899999    
+790014        
+790015        
+790016        
+790017        
+790018        
9001900000    9001909999    
+7900190        
9001910000    9001919999    
+7900191        
9001920000    9001929999    
+7900192        
9001930000    9001939999    
+7900193        
9001940000    9001949999    
+7900194        
9001950000    9001959999    
+7900195        
9001960000    9001969999    
+7900196        
9001970000    9002169999    
+7900197        
+7900198        
+7900199        
+790020        
+7900210        
+7900211        
+7900212        
+7900213        
+7900214        
+7900215        
+7900216        
9002170000    9002187999    
+7900217        
+79002180        
+79002181        
+79002182        
+79002183        
+79002184        
+79002185        
+79002186        
+79002187        
